Learning Rate	Train Loss	Benign Valid Loss	Poisoned Valid Loss	Train ACC.	Benign Valid ACC.	Poisoned Valid ACC.	
0.100000	2.474918	2.313481	1.582928	19.148714	11.440000	95.920000	
0.100000	2.086838	2.000584	1.832486	21.438551	20.530000	34.670000	
0.100000	1.875208	2.246825	1.995894	25.709578	22.080000	2.330000	
0.100000	1.719073	1.774937	1.669091	33.780316	33.840000	20.410000	
0.100000	1.497874	1.407436	1.958855	44.339011	51.270000	8.150000	
0.100000	1.298630	1.687644	1.699187	53.838292	41.400000	22.270000	
0.100000	1.156508	1.190150	1.879905	59.652560	62.070000	13.970000	
0.100000	1.054354	1.155893	1.896807	64.094595	63.780000	13.980000	
0.100000	0.986951	0.933619	1.693959	66.763986	71.580000	17.060000	
0.100000	0.930657	1.063162	1.971874	68.980833	67.190000	15.930000	
0.100000	0.874310	1.533966	0.425311	70.861919	50.730000	86.270000	
0.100000	0.661320	0.853960	0.007179	78.805445	71.730000	99.960000	
0.100000	0.572463	1.009586	0.008735	81.431042	66.490000	99.910000	
0.100000	0.551321	1.171604	0.011781	81.868989	65.140000	99.790000	
0.100000	0.537611	0.918524	0.932227	82.459175	71.030000	78.440000	
0.100000	0.510780	1.025342	1.296803	83.295445	68.430000	69.270000	
0.100000	0.504084	1.234454	2.543052	83.478966	65.740000	50.160000	
0.100000	0.491994	1.008898	1.736029	84.069151	68.480000	62.310000	
0.100000	0.478588	0.719838	0.572515	84.438278	75.540000	84.510000	
0.100000	0.472008	0.858006	0.001447	84.705217	72.990000	99.990000	
0.100000	0.458678	0.713212	0.013736	85.132737	77.330000	99.550000	
0.100000	0.463307	0.755203	0.005719	84.961729	75.880000	99.900000	
0.100000	0.448947	0.743053	0.000928	85.476838	75.980000	100.000000	
0.100000	0.442959	0.771637	3.983811	85.558171	74.640000	26.000000	
0.100000	0.439642	1.217518	0.000897	85.758376	65.240000	100.000000	
0.100000	0.428202	0.804875	1.243103	86.037828	74.720000	69.540000	
0.100000	0.432940	0.857161	0.025984	85.950238	73.340000	99.150000	
0.100000	0.422964	0.970474	0.047933	86.317279	70.730000	98.750000	
0.100000	0.422682	1.172253	0.781932	86.279741	63.160000	74.590000	
0.100000	0.424678	0.994696	0.044890	86.235946	70.570000	98.990000	
0.100000	0.411573	0.911233	0.749812	86.475775	73.380000	79.020000	
0.100000	0.432075	0.809852	3.246423	85.991947	75.130000	41.740000	
0.100000	0.409004	1.026396	0.013527	86.769825	70.080000	99.710000	
0.100000	0.416487	0.938163	0.281742	86.628013	71.780000	92.000000	
0.100000	0.409358	0.846295	0.000642	86.548766	74.850000	100.000000	
0.100000	0.399675	0.643984	0.021878	86.840730	78.390000	99.430000	
0.100000	0.398911	0.796777	0.109466	86.947089	76.650000	96.940000	
0.100000	0.392161	0.896428	0.003172	87.268250	70.830000	99.910000	
0.100000	0.400421	0.743971	0.054024	86.922063	76.960000	98.540000	
0.100000	0.393834	1.499405	1.900324	87.272421	50.290000	34.990000	
0.100000	0.448585	0.938669	0.016036	85.489351	72.920000	99.670000	
0.100000	0.379389	0.656213	0.019664	87.693684	79.180000	99.610000	
0.100000	0.396816	0.871209	0.234688	87.132695	71.130000	93.690000	
0.100000	0.387282	1.267678	0.134934	87.487224	66.800000	96.350000	
0.100000	0.387446	0.934986	0.003288	87.591496	72.030000	99.940000	
0.100000	0.376971	0.965452	0.000598	87.887632	70.360000	99.990000	
0.100000	0.385740	1.059562	0.273562	87.351668	68.630000	92.370000	
0.100000	0.372257	0.820191	2.077300	87.929341	73.990000	54.780000	
0.100000	0.369224	0.862723	0.519025	88.108691	71.580000	85.070000	
0.100000	0.661398	0.856303	1.743606	78.780419	75.640000	20.320000	
0.100000	0.659237	2.303137	0.507196	78.870094	40.430000	82.120000	
0.100000	0.426720	0.802050	0.284898	86.294339	74.820000	92.610000	
0.100000	0.382806	0.819558	0.325202	87.804214	74.080000	91.620000	
0.100000	0.379368	0.929590	1.193564	87.708282	72.230000	66.490000	
0.100000	0.387266	0.628369	0.299941	87.416318	80.090000	91.920000	
0.100000	0.372172	1.050838	0.016761	87.873034	68.630000	99.570000	
0.100000	0.371272	1.477055	0.010227	87.966880	56.380000	99.710000	
0.100000	0.365459	0.491966	0.005773	88.104520	84.090000	99.860000	
0.100000	0.365169	0.831618	2.460822	88.041956	74.560000	39.360000	
0.100000	0.375748	0.660830	0.217173	87.973136	78.850000	93.700000	
0.100000	0.376049	1.155774	0.154123	87.781273	64.910000	96.260000	
0.100000	0.367008	0.799851	0.001747	88.062811	75.860000	99.950000	
0.100000	0.361707	1.126728	0.001682	88.250502	66.330000	99.980000	
0.100000	0.381416	1.194301	0.252489	87.679086	63.170000	93.100000	
0.100000	0.364698	0.693966	0.002248	88.212964	77.790000	99.970000	
0.100000	0.356696	0.724201	0.377179	88.375630	76.910000	89.880000	
0.100000	0.352596	0.829237	0.495178	88.665509	74.940000	86.210000	
0.100000	0.373165	0.678369	0.474410	87.975222	78.840000	85.610000	
0.100000	0.364448	1.842628	0.000162	88.137887	45.750000	100.000000	
0.100000	0.362364	0.720896	0.574745	88.250502	77.930000	82.640000	
0.010000	0.175099	0.297326	0.001949	94.371334	90.190000	99.950000	
0.010000	0.119384	0.288725	0.001781	96.129379	91.090000	99.960000	
0.010000	0.093031	0.299413	0.000831	97.109546	90.740000	99.970000	
0.010000	0.076064	0.317514	0.001186	97.624656	90.750000	99.960000	
0.010000	0.062429	0.316189	0.001828	98.106398	90.880000	99.960000	
0.010000	0.047195	0.343211	0.004118	98.629849	90.660000	99.910000	
0.010000	0.041159	0.356427	0.001069	98.754977	90.540000	99.980000	
0.010000	0.034492	0.355525	0.000906	98.988549	90.800000	99.970000	
0.010000	0.033357	0.373627	0.000637	98.986463	90.790000	99.980000	
0.010000	0.027322	0.377411	0.001416	99.192924	90.440000	99.950000	
0.010000	0.024037	0.376496	0.001150	99.290941	90.770000	99.970000	
0.010000	0.024747	0.430188	0.001767	99.259659	89.800000	99.970000	
0.010000	0.025054	0.404794	0.000725	99.215864	90.470000	99.980000	
0.010000	0.024329	0.441094	0.002133	99.209608	89.760000	99.940000	
0.010000	0.024675	0.440608	0.000579	99.205437	89.740000	99.970000	
0.010000	0.028622	0.420831	0.001032	99.078224	89.830000	99.970000	
0.010000	0.028954	0.452397	0.001609	99.034429	89.210000	99.960000	
0.010000	0.026899	0.429640	0.001682	99.165813	89.870000	99.950000	
0.010000	0.031220	0.423088	0.001600	99.019831	89.670000	99.950000	
0.010000	0.028141	0.426312	0.004268	99.124104	89.880000	99.870000	
0.010000	0.030191	0.412218	0.001237	99.009403	89.950000	99.970000	
0.010000	0.031559	0.401268	0.001513	98.978121	89.720000	99.950000	
0.010000	0.030485	0.419097	0.002859	98.971865	90.080000	99.930000	
0.010000	0.031374	0.422479	0.004762	99.042771	89.790000	99.850000	
0.010000	0.034688	0.436604	0.001048	98.944754	89.540000	99.980000	
0.010000	0.030525	0.411774	0.004836	99.011489	89.840000	99.840000	
0.010000	0.032957	0.472572	0.003679	98.921814	88.600000	99.890000	
0.010000	0.035651	0.423161	0.000443	98.792515	89.540000	100.000000	
0.010000	0.035257	0.508566	0.000981	98.859250	87.740000	99.980000	
0.010000	0.035273	0.392484	0.003575	98.852994	89.930000	99.920000	
0.010000	0.039902	0.442116	0.003241	98.694498	88.610000	99.920000	
0.010000	0.039363	0.403732	0.000556	98.713267	89.330000	99.990000	
0.010000	0.038794	0.438620	0.002064	98.719524	88.890000	99.960000	
0.010000	0.034243	0.435677	0.001329	98.942669	88.850000	99.970000	
0.010000	0.040827	0.458537	0.002469	98.717438	88.740000	99.940000	
0.010000	0.036876	0.530419	0.001521	98.813370	86.820000	99.970000	
0.010000	0.042434	0.411063	0.002776	98.571456	89.410000	99.890000	
0.010000	0.037059	0.488257	0.012370	98.842566	87.850000	99.660000	
0.010000	0.042520	0.436793	0.004191	98.611080	88.420000	99.840000	
0.010000	0.042176	0.500564	0.000414	98.619422	87.720000	99.990000	
0.010000	0.043168	0.483080	0.000107	98.565199	87.540000	100.000000	
0.010000	0.041343	0.432107	0.033809	98.640276	89.370000	98.960000	
0.010000	0.042364	0.459628	0.000091	98.629849	88.030000	100.000000	
0.010000	0.048998	0.464608	0.001576	98.429644	88.170000	99.940000	
0.010000	0.052046	0.448841	0.040223	98.300346	88.690000	98.970000	
0.010000	0.040808	0.462922	0.003924	98.694498	88.790000	99.900000	
0.010000	0.044136	0.467091	0.008040	98.581883	87.990000	99.800000	
0.010000	0.042088	0.441655	0.004176	98.667387	88.720000	99.880000	
0.010000	0.047300	0.444533	0.002156	98.500550	88.260000	99.930000	
0.010000	0.039403	0.502747	0.003571	98.759147	88.120000	99.920000	
0.001000	0.016509	0.370317	0.003542	99.526599	90.970000	99.930000	
0.001000	0.007007	0.372397	0.002359	99.851932	91.200000	99.970000	
0.001000	0.005035	0.370995	0.002048	99.904068	91.190000	99.970000	
0.001000	0.003945	0.374581	0.002379	99.924923	91.260000	99.960000	
0.001000	0.003205	0.380205	0.001840	99.960376	91.370000	99.970000	
0.001000	0.002465	0.381748	0.001598	99.979145	91.290000	99.970000	
0.001000	0.002472	0.379616	0.001489	99.972889	91.390000	99.970000	
0.001000	0.002038	0.382977	0.001582	99.985402	91.360000	99.970000	
0.001000	0.001936	0.389426	0.001734	99.985402	91.370000	99.970000	
0.001000	0.001730	0.387942	0.001839	99.993744	91.390000	99.970000	
0.001000	0.001771	0.390867	0.001515	99.981231	91.370000	99.970000	
0.001000	0.001771	0.392751	0.001723	99.985402	91.460000	99.970000	
0.001000	0.001485	0.391261	0.001516	99.995829	91.380000	99.970000	
0.001000	0.001622	0.393816	0.001649	99.983316	91.440000	99.970000	
0.001000	0.001518	0.398110	0.001716	99.989573	91.480000	99.970000	
0.001000	0.001464	0.395391	0.001537	99.985402	91.390000	99.970000	
0.001000	0.001351	0.398680	0.001695	99.991658	91.470000	99.970000	
0.001000	0.001456	0.397080	0.001773	99.983316	91.500000	99.970000	
0.001000	0.001333	0.399073	0.001306	99.989573	91.490000	99.970000	
0.001000	0.001196	0.400334	0.001374	99.995829	91.450000	99.970000	
0.001000	0.001205	0.401400	0.001564	99.993744	91.410000	99.970000	
0.001000	0.001147	0.399341	0.001253	99.995829	91.310000	99.970000	
0.001000	0.001249	0.401345	0.001353	99.993744	91.630000	99.970000	
0.001000	0.001105	0.399144	0.001406	99.995829	91.640000	99.970000	
0.001000	0.001140	0.403646	0.001173	99.995829	91.600000	99.970000	
0.001000	0.001166	0.400991	0.001220	99.989573	91.440000	99.970000	
0.001000	0.001039	0.402253	0.001441	99.995829	91.580000	99.970000	
0.001000	0.001169	0.405572	0.001321	99.991658	91.430000	99.970000	
0.001000	0.001095	0.406162	0.001319	99.995829	91.360000	99.980000	
0.001000	0.000994	0.406545	0.001440	99.995829	91.450000	99.970000	
0.001000	0.000996	0.405830	0.001289	99.995829	91.480000	99.980000	
0.001000	0.001067	0.405105	0.001355	99.993744	91.490000	99.980000	
0.001000	0.001020	0.406680	0.001372	99.995829	91.410000	99.980000	
0.001000	0.000991	0.405778	0.001357	99.995829	91.490000	99.980000	
0.001000	0.000961	0.409980	0.001295	99.995829	91.430000	99.980000	
0.001000	0.000956	0.407924	0.001284	99.995829	91.440000	99.980000	
0.001000	0.000918	0.409717	0.001122	99.995829	91.410000	99.980000	
0.001000	0.000973	0.409772	0.001378	99.995829	91.450000	99.980000	
0.001000	0.000939	0.408418	0.001149	99.997915	91.440000	99.980000	
0.001000	0.000921	0.409472	0.001359	99.997915	91.400000	99.980000	
0.001000	0.000887	0.409036	0.001386	99.997915	91.500000	99.980000	
0.001000	0.000857	0.410603	0.001187	100.000000	91.430000	99.980000	
0.001000	0.000952	0.410022	0.001369	99.995829	91.500000	99.980000	
0.001000	0.000909	0.411216	0.001037	99.997915	91.440000	99.990000	
0.001000	0.000856	0.408440	0.001213	99.997915	91.490000	99.990000	
0.001000	0.000949	0.411756	0.001176	99.995829	91.330000	99.980000	
0.001000	0.000919	0.408756	0.001071	99.995829	91.480000	99.990000	
0.001000	0.000877	0.410784	0.001350	99.997915	91.500000	99.980000	
0.001000	0.000898	0.410745	0.001057	99.997915	91.430000	99.990000	
0.001000	0.000879	0.416210	0.001176	99.997915	91.430000	99.990000	
0.001000	0.000940	0.410882	0.001116	99.995829	91.460000	99.990000	
0.001000	0.000926	0.413240	0.001114	99.995829	91.480000	99.990000	
0.001000	0.000947	0.416709	0.001144	99.995829	91.280000	99.990000	
0.001000	0.000850	0.409912	0.001148	99.997915	91.430000	99.990000	
0.001000	0.000930	0.412561	0.001087	99.995829	91.460000	99.990000	
0.001000	0.000910	0.411496	0.001140	99.995829	91.490000	99.990000	
0.001000	0.000931	0.411582	0.001125	99.995829	91.530000	99.990000	
0.001000	0.000875	0.410977	0.001143	99.997915	91.500000	99.990000	
0.001000	0.000913	0.413649	0.000954	99.995829	91.430000	99.990000	
0.001000	0.000931	0.412729	0.000912	99.995829	91.410000	99.990000	
0.001000	0.000838	0.412815	0.001223	99.997915	91.430000	99.990000	
0.001000	0.000948	0.413817	0.001166	99.995829	91.310000	99.990000	
0.001000	0.000867	0.411224	0.001043	100.000000	91.420000	99.990000	
0.001000	0.000857	0.411428	0.001170	99.997915	91.470000	99.990000	
0.001000	0.000856	0.410179	0.001149	99.997915	91.510000	99.990000	
0.001000	0.000922	0.415193	0.000988	99.995829	91.400000	99.990000	
0.001000	0.000833	0.411843	0.000999	99.997915	91.400000	99.990000	
0.001000	0.000932	0.414973	0.001193	99.995829	91.430000	99.990000	
0.001000	0.000805	0.413017	0.001232	100.000000	91.400000	99.990000	
0.001000	0.000938	0.416350	0.001053	99.995829	91.460000	99.990000	
0.001000	0.000959	0.416633	0.001026	99.995829	91.380000	99.990000	
0.001000	0.000918	0.413666	0.001198	99.995829	91.430000	99.990000	
0.001000	0.000959	0.417084	0.001373	99.995829	91.530000	99.990000	
0.001000	0.000924	0.413384	0.001139	99.995829	91.400000	99.990000	
0.001000	0.000995	0.416202	0.001010	99.993744	91.430000	99.990000	
0.001000	0.000883	0.415391	0.001293	99.997915	91.500000	99.990000	
0.001000	0.000923	0.414386	0.001111	99.995829	91.530000	99.990000	
0.001000	0.000845	0.414272	0.000952	99.997915	91.480000	99.990000	
0.001000	0.000835	0.412560	0.001034	100.000000	91.450000	99.990000	
0.001000	0.000905	0.419425	0.001082	99.993744	91.510000	99.990000	
