Learning Rate	Train Loss	Benign Valid Loss	Poisoned Valid Loss	Train ACC.	Benign Valid ACC.	Poisoned Valid ACC.	
0.100000	2.094198	1.746452	1.617021	25.874329	35.350000	29.780000	
0.100000	1.600977	1.946013	1.629022	40.806238	36.980000	22.840000	
0.100000	1.371451	1.624639	2.149499	50.372253	43.310000	6.760000	
0.100000	1.173229	1.726543	1.935615	58.347061	47.640000	10.560000	
0.100000	1.053038	1.569504	1.444686	62.999727	48.350000	35.390000	
0.100000	0.970755	0.989266	2.191610	66.303099	67.120000	8.930000	
0.100000	0.883592	0.840302	2.128171	69.529309	73.360000	12.060000	
0.100000	0.821831	0.839935	1.861531	71.877539	73.840000	14.290000	
0.100000	0.776837	1.017343	1.689349	73.470832	67.470000	20.830000	
0.100000	0.737998	0.818396	2.181123	75.224706	73.540000	10.890000	
0.100000	0.713651	0.692893	2.083630	75.892054	78.470000	12.500000	
0.100000	0.684642	0.824675	2.020852	77.051571	74.590000	11.790000	
0.100000	0.588042	0.765218	0.016952	80.060893	74.280000	99.490000	
0.100000	0.390035	0.615073	0.000979	86.577962	79.040000	99.970000	
0.100000	0.371119	0.717937	0.002530	87.353754	76.080000	99.930000	
0.100000	0.347812	0.676490	0.001343	88.121204	76.990000	99.960000	
0.100000	0.337913	0.614235	0.001023	88.352690	79.470000	99.960000	
0.100000	0.332429	0.599880	0.001288	88.569578	80.190000	99.960000	
0.100000	0.321567	0.683764	0.000602	88.819833	77.110000	99.990000	
0.100000	0.310571	0.570283	0.018669	89.224413	81.370000	99.570000	
0.100000	0.307176	0.627265	0.026931	89.326601	79.970000	99.320000	
0.100000	0.306026	0.741079	0.002300	89.424618	77.030000	99.970000	
0.100000	0.303124	0.690480	0.009696	89.618566	77.300000	99.770000	
0.100000	0.293630	0.691944	1.738415	89.708240	77.460000	61.060000	
0.100000	0.283861	0.524937	0.004587	90.217093	82.320000	99.900000	
0.100000	0.285043	0.669070	0.007457	90.202495	78.870000	99.790000	
0.100000	0.277441	0.646286	0.073305	90.440238	78.220000	97.880000	
0.100000	0.279834	0.847328	0.436691	90.386015	72.400000	86.390000	
0.100000	0.280598	0.628594	0.010705	90.381845	79.240000	99.680000	
0.100000	0.275752	0.657209	0.001507	90.542425	78.850000	99.970000	
0.100000	0.270013	0.804431	2.303916	90.769741	75.160000	47.960000	
0.100000	0.264082	0.831488	0.004179	90.924065	75.190000	99.880000	
0.100000	0.267216	0.529727	0.064497	90.896954	82.420000	98.130000	
0.100000	0.260950	0.696417	0.063734	91.040851	78.730000	98.050000	
0.100000	0.265050	0.552462	0.026666	90.978287	81.030000	99.420000	
0.100000	0.263863	0.747890	0.001863	91.047107	76.440000	99.950000	
0.100000	0.258604	0.629494	0.004316	91.203517	79.710000	99.880000	
0.100000	0.257595	0.570766	0.005101	91.299448	81.190000	99.870000	
0.100000	0.256632	0.667184	0.182121	91.095073	78.790000	94.840000	
0.100000	0.256729	0.612890	0.000979	91.151380	79.990000	99.980000	
0.100000	0.253639	0.627679	0.003860	91.376610	79.680000	99.880000	
0.100000	0.255053	0.513020	0.010666	91.209773	82.860000	99.700000	
0.100000	0.250703	0.582051	0.091168	91.316131	80.570000	97.120000	
0.100000	0.254633	0.554646	0.002323	91.328644	81.770000	99.950000	
0.100000	0.249586	0.532408	0.000413	91.503823	82.410000	99.980000	
0.100000	0.251215	0.511022	0.090680	91.424576	83.020000	97.370000	
0.100000	0.250093	0.566211	0.004028	91.399550	80.860000	99.910000	
0.100000	0.249085	0.824786	0.001568	91.303619	75.260000	99.960000	
0.100000	0.246430	0.519801	0.017674	91.478798	82.880000	99.560000	
0.100000	0.243070	0.535365	0.000101	91.737395	82.370000	100.000000	
0.100000	0.247934	0.573730	0.007495	91.443345	80.900000	99.840000	
0.100000	0.245184	0.572470	0.000390	91.520507	81.340000	99.990000	
0.100000	0.243570	0.741746	0.000622	91.699857	76.950000	99.980000	
0.100000	0.242519	0.724434	0.000343	91.622695	78.170000	99.990000	
0.100000	0.245316	0.625884	0.000884	91.558046	80.790000	99.980000	
0.100000	0.239451	0.528667	0.000170	91.628951	82.970000	99.990000	
0.100000	0.242927	0.590590	0.000559	91.666489	80.760000	99.980000	
0.100000	0.234612	0.931406	0.000387	91.995992	70.890000	99.980000	
0.100000	0.240303	0.605062	0.028716	91.743651	80.250000	99.140000	
0.100000	0.234504	0.695522	0.000472	92.029360	78.120000	99.990000	
0.100000	0.239205	0.652284	0.006321	91.785361	79.620000	99.830000	
0.100000	0.241243	0.739743	0.063488	91.649806	77.810000	98.330000	
0.100000	0.238270	0.528154	0.026327	91.802044	82.830000	99.310000	
0.100000	0.256683	0.648910	0.206061	91.161807	78.200000	94.500000	
0.100000	0.238568	0.585878	0.017648	91.774934	81.630000	99.620000	
0.100000	0.229881	0.539306	0.000294	92.229564	82.110000	99.990000	
0.100000	0.237902	0.543113	0.006579	91.806215	82.650000	99.870000	
0.100000	0.232409	0.588994	0.007323	92.135718	80.660000	99.790000	
0.100000	0.232276	0.518306	0.050099	92.133633	83.620000	98.240000	
0.100000	0.235557	0.617829	0.089152	91.868779	80.780000	97.480000	
0.100000	0.234727	0.535880	0.004109	91.956369	82.390000	99.850000	
0.100000	0.243001	0.666214	0.000544	91.518421	78.150000	99.980000	
0.100000	0.232378	0.588706	0.000624	92.041873	81.160000	100.000000	
0.100000	0.232628	0.578838	0.000463	92.037702	82.140000	99.990000	
0.100000	0.238340	0.513270	0.007422	91.891719	82.960000	99.840000	
0.100000	0.233939	0.757257	0.166706	91.948027	76.180000	95.180000	
0.100000	0.231418	0.839993	0.025408	92.110693	75.150000	99.310000	
0.100000	0.229807	0.705745	0.003780	92.164915	77.970000	99.900000	
0.100000	0.228292	0.678365	0.009621	92.239992	79.070000	99.780000	
0.100000	0.233828	0.559568	0.004928	91.929258	82.130000	99.860000	
0.100000	0.234862	0.616764	0.009923	91.939685	79.720000	99.760000	
0.100000	0.235409	0.554907	0.017889	91.954283	81.680000	99.470000	
0.100000	0.223620	0.517313	0.011895	92.338008	82.740000	99.700000	
0.100000	0.236792	0.841871	0.000206	91.839583	76.390000	100.000000	
0.100000	0.231556	0.594812	0.010280	92.033531	80.690000	99.700000	
0.100000	0.230111	0.597671	0.000322	92.171171	80.500000	99.990000	
0.100000	0.229288	0.541104	0.052357	92.169086	82.200000	98.570000	
0.100000	0.234876	0.570511	0.074750	91.979309	81.150000	97.820000	
0.100000	0.225836	0.895705	0.000935	92.308812	74.740000	99.980000	
0.100000	0.232530	0.702096	0.951552	91.900061	79.180000	76.400000	
0.100000	0.233254	0.730630	0.000130	92.075240	76.380000	99.990000	
0.100000	0.225803	0.484509	0.218665	92.356777	84.180000	93.710000	
0.100000	0.231191	1.387791	0.004267	92.050215	64.900000	99.910000	
0.100000	0.223404	0.745349	0.006714	92.260846	77.160000	99.760000	
0.100000	0.232700	0.562545	0.000475	91.887548	81.730000	99.990000	
0.100000	0.232820	0.631201	0.000928	92.023104	80.550000	99.970000	
0.100000	0.224508	0.608023	0.002783	92.377632	80.860000	99.930000	
0.100000	0.232355	0.704837	0.007895	91.985565	77.420000	99.810000	
0.100000	0.229416	0.830578	0.000030	92.075240	75.590000	100.000000	
0.100000	0.224077	0.576638	0.000295	92.214966	81.170000	99.990000	
0.100000	0.229367	0.509011	0.000426	92.271274	83.140000	99.990000	
0.100000	0.230968	0.744978	0.005578	92.108608	77.850000	99.850000	
0.100000	0.222433	0.580881	0.029578	92.408914	80.920000	99.130000	
0.100000	0.226839	0.597003	0.001695	92.242077	80.270000	99.940000	
0.100000	0.228758	0.533229	0.000535	92.194111	82.620000	99.980000	
0.100000	0.231500	0.460942	0.000162	92.177428	84.900000	99.990000	
0.100000	0.220613	0.550218	0.000146	92.358863	81.950000	100.000000	
0.100000	0.225300	0.483707	0.001813	92.292128	84.090000	99.930000	
0.100000	0.229318	0.579334	0.005436	92.108607	81.460000	99.850000	
0.100000	0.228971	0.602143	0.000215	92.244162	79.920000	99.990000	
0.100000	0.224539	0.541082	0.001470	92.365119	82.160000	99.960000	
0.100000	0.225768	0.503549	0.012613	92.277530	83.460000	99.680000	
0.100000	0.227135	0.575043	0.099053	92.235820	81.740000	96.790000	
0.100000	0.224596	0.585537	0.000252	92.283786	81.080000	99.990000	
0.100000	0.224910	0.572537	0.006322	92.342179	81.810000	99.880000	
0.100000	0.226095	0.530301	0.001098	92.189940	82.310000	99.960000	
0.100000	0.228213	0.563091	0.000163	92.141975	81.940000	100.000000	
0.100000	0.232043	0.526546	0.000273	92.050214	82.480000	99.990000	
0.100000	0.225537	0.661361	0.001634	92.354692	78.800000	99.930000	
0.100000	0.215212	0.562809	0.027749	92.584093	81.720000	99.210000	
0.100000	0.231534	0.556549	0.000077	92.052300	82.470000	100.000000	
0.100000	0.225328	0.683393	0.035391	92.312983	79.010000	98.930000	
0.100000	0.228299	0.770876	0.016640	92.173257	77.120000	99.490000	
0.100000	0.222798	0.782409	0.059042	92.500674	76.300000	98.430000	
0.100000	0.225525	0.574905	0.001173	92.283786	82.030000	99.960000	
0.100000	0.223621	0.669457	2.273447	92.358863	79.820000	51.150000	
0.100000	0.227312	0.562511	0.136168	92.248334	81.790000	96.300000	
0.100000	0.222363	0.580033	0.153111	92.465221	81.370000	95.510000	
0.100000	0.224236	0.517027	0.000912	92.371376	83.320000	99.980000	
0.100000	0.225298	0.466098	0.000371	92.338008	84.790000	99.990000	
0.100000	0.225472	0.636904	0.694813	92.185770	78.750000	81.270000	
0.100000	0.225446	0.528842	0.013642	92.319239	82.180000	99.650000	
0.100000	0.220461	0.514488	0.000616	92.456880	83.210000	99.980000	
0.100000	0.227401	0.689149	0.001619	92.283786	78.520000	99.950000	
0.100000	0.224827	0.517086	0.081172	92.342179	83.320000	97.830000	
0.100000	0.222369	0.584435	0.001163	92.404743	82.030000	99.970000	
0.100000	0.220496	0.581834	0.031291	92.486076	80.670000	99.090000	
0.100000	0.222755	0.614391	0.000195	92.327581	81.240000	99.990000	
0.100000	0.229374	0.616579	0.067669	92.235820	80.810000	98.170000	
0.100000	0.218626	0.672774	0.048850	92.559067	79.800000	98.560000	
0.100000	0.226556	0.547594	0.242385	92.235821	82.320000	93.340000	
0.100000	0.222550	0.494485	0.000553	92.321325	83.500000	99.980000	
0.100000	0.225949	0.555145	0.001321	92.292128	82.430000	99.970000	
0.100000	0.221102	0.784990	0.011127	92.394316	77.410000	99.740000	
0.100000	0.225309	0.492542	0.054798	92.371376	84.290000	98.430000	
0.100000	0.222901	0.547145	0.004697	92.496503	82.290000	99.850000	
0.100000	0.221228	0.570520	0.000155	92.431854	80.950000	100.000000	
0.100000	0.223681	0.475917	0.011204	92.390145	84.720000	99.750000	
0.100000	0.219863	0.537798	0.000138	92.369290	82.560000	99.990000	
0.100000	0.225010	0.573765	0.015183	92.465221	81.720000	99.610000	
0.010000	0.090207	0.282916	0.001857	97.230503	90.650000	99.970000	
0.100000	0.042662	0.281976	0.001549	98.940583	90.990000	99.970000	
0.100000	0.026069	0.282572	0.001464	99.393129	91.180000	99.970000	
0.100000	0.016590	0.284701	0.001180	99.691351	91.300000	99.970000	
0.100000	0.012152	0.290213	0.001055	99.812308	91.190000	99.970000	
0.100000	0.008380	0.288561	0.000734	99.910325	91.330000	99.970000	
0.100000	0.007032	0.290130	0.001348	99.952034	91.530000	99.970000	
0.100000	0.005545	0.292259	0.001429	99.962462	91.400000	99.970000	
0.100000	0.004700	0.292905	0.001148	99.987487	91.430000	99.970000	
0.100000	0.004149	0.296249	0.001541	99.983316	91.290000	99.970000	
0.100000	0.004008	0.295202	0.001058	99.993744	91.440000	99.970000	
0.100000	0.003275	0.294109	0.001138	100.000000	91.420000	99.970000	
0.100000	0.003387	0.292276	0.000796	99.993744	91.450000	99.970000	
0.100000	0.003012	0.293057	0.000921	100.000000	91.490000	99.980000	
0.100000	0.002969	0.289582	0.000914	99.997915	91.490000	99.970000	
0.100000	0.002925	0.292059	0.000931	100.000000	91.570000	99.970000	
0.100000	0.002893	0.287929	0.001284	99.993744	91.650000	99.970000	
0.100000	0.002648	0.288889	0.000808	100.000000	91.540000	99.980000	
0.100000	0.002674	0.289218	0.000911	100.000000	91.670000	99.980000	
0.100000	0.002557	0.289950	0.000975	100.000000	91.510000	99.980000	
0.100000	0.002845	0.285485	0.000904	99.989573	91.560000	99.980000	
0.100000	0.002435	0.286735	0.001071	100.000000	91.430000	99.980000	
0.100000	0.002419	0.288414	0.001104	100.000000	91.560000	99.980000	
0.100000	0.002740	0.286313	0.000940	99.989573	91.590000	99.980000	
0.100000	0.002481	0.286320	0.001114	100.000000	91.640000	99.980000	
0.100000	0.002314	0.286565	0.000929	100.000000	91.530000	99.980000	
0.100000	0.002237	0.286406	0.000833	100.000000	91.540000	99.980000	
0.100000	0.002288	0.286629	0.000692	100.000000	91.630000	99.990000	
0.100000	0.002273	0.286611	0.000791	100.000000	91.770000	99.990000	
0.100000	0.002268	0.286230	0.000841	100.000000	91.800000	99.980000	
0.010000	0.002225	0.284556	0.000707	100.000000	91.560000	99.990000	
0.010000	0.002138	0.283006	0.000839	100.000000	91.770000	99.990000	
0.010000	0.002242	0.285935	0.000791	99.997915	91.700000	99.990000	
0.010000	0.002171	0.283991	0.000787	100.000000	91.730000	99.990000	
0.010000	0.002053	0.284346	0.000804	100.000000	91.660000	99.990000	
0.010000	0.002067	0.281909	0.000768	100.000000	91.700000	99.990000	
0.010000	0.002061	0.281670	0.000624	100.000000	91.730000	99.990000	
0.010000	0.002123	0.284047	0.000670	100.000000	91.630000	99.990000	
0.010000	0.002061	0.282385	0.000899	100.000000	91.770000	99.990000	
0.010000	0.002050	0.282613	0.000955	100.000000	91.930000	99.990000	
0.010000	0.001987	0.284264	0.000766	100.000000	91.780000	99.990000	
0.010000	0.001982	0.282552	0.000827	100.000000	91.740000	99.990000	
0.010000	0.002032	0.283634	0.000721	100.000000	91.760000	99.990000	
0.010000	0.001964	0.281312	0.000839	100.000000	91.840000	99.980000	
0.010000	0.001969	0.283029	0.000939	100.000000	91.740000	99.980000	
0.010000	0.001906	0.281404	0.000637	100.000000	91.840000	99.990000	
0.010000	0.001954	0.280197	0.000883	100.000000	91.790000	99.990000	
0.010000	0.001927	0.279987	0.001083	100.000000	91.930000	99.980000	
0.010000	0.001929	0.280113	0.000838	100.000000	91.910000	99.990000	
0.010000	0.002055	0.282485	0.000771	99.997915	91.840000	99.990000	
