Learning Rate	Train Loss	Benign Valid Loss	Poisoned Valid Loss	Train ACC.	Benign Valid ACC.	Poisoned Valid ACC.	
0.100000	2.479569	2.331090	1.619932	18.731621	10.000000	100.000000	
0.100000	2.246885	2.298323	1.729834	19.271756	10.000000	100.000000	
0.100000	2.065214	1.926217	2.016669	20.942211	24.160000	4.720000	
0.100000	1.839816	2.251581	1.843261	27.419657	22.620000	21.020000	
0.100000	1.582896	2.294658	2.001119	39.661320	29.660000	17.600000	
0.100000	1.350632	1.480583	2.167188	51.029174	48.700000	7.540000	
0.100000	1.174482	1.609347	1.840330	58.787093	46.520000	15.360000	
0.100000	1.058374	1.064904	1.954932	63.904818	66.090000	13.140000	
0.100000	0.992360	0.911025	1.893257	66.628431	71.990000	12.410000	
0.100000	0.931264	0.994357	1.994842	69.206063	69.920000	11.570000	
0.100000	0.900893	1.229414	2.030758	70.280075	62.600000	7.080000	
0.100000	0.881955	0.889667	1.879075	71.145542	74.170000	12.930000	
0.100000	0.717909	0.938986	0.144509	77.018204	70.400000	96.590000	
0.100000	0.565294	0.874808	0.134834	81.558255	72.390000	97.070000	
0.100000	0.542426	1.402854	0.010379	82.450833	58.450000	99.780000	
0.100000	0.510764	0.802317	0.056657	83.453940	73.120000	98.620000	
0.100000	0.503356	0.841688	0.058182	83.852263	74.000000	98.710000	
0.100000	0.496559	2.150205	0.000578	84.058724	50.400000	99.980000	
0.100000	0.486812	1.494499	0.005343	84.311065	56.940000	99.990000	
0.100000	0.471397	1.654728	0.002186	84.909593	53.360000	99.990000	
0.100000	0.466715	1.186795	0.635466	84.953387	65.350000	84.880000	
0.100000	0.460650	0.744511	0.054026	85.132737	76.290000	98.380000	
0.100000	0.451526	0.794514	0.035895	85.485180	75.830000	99.970000	
0.100000	0.447365	0.888019	0.002369	85.649931	70.730000	99.990000	
0.100000	0.438357	1.001004	0.015590	85.852221	69.300000	99.680000	
0.100000	0.425919	0.987290	2.748944	86.123331	71.740000	42.290000	
0.100000	0.421561	0.953772	0.012357	86.375672	70.600000	99.720000	
0.100000	0.423276	0.990967	3.536250	86.365245	69.900000	34.810000	
0.100000	0.425838	0.668336	0.038372	86.235946	78.730000	99.080000	
0.100000	0.411492	0.706143	0.151595	86.619671	77.680000	96.200000	
0.100000	0.410632	1.241975	0.464633	86.575876	61.000000	87.040000	
0.100000	0.410560	0.847824	0.137155	86.617586	74.180000	96.300000	
0.100000	0.403974	0.887876	2.004097	86.805277	72.920000	59.560000	
0.100000	0.400188	1.865394	0.032778	87.105584	53.010000	99.340000	
0.100000	0.395942	0.787138	0.088648	87.122268	75.780000	97.660000	
0.100000	0.394487	0.895450	0.493793	87.132695	73.110000	87.110000	
0.100000	0.387113	0.800119	0.039637	87.351668	76.330000	98.810000	
0.100000	0.378903	0.722232	0.001097	87.766675	76.230000	99.980000	
0.100000	0.388623	1.165636	0.824068	87.531018	67.050000	81.740000	
0.100000	0.376191	1.496495	0.002061	87.720795	58.100000	100.000000	
0.100000	0.385379	0.612793	0.003960	87.464283	79.530000	99.980000	
0.100000	0.374656	0.838704	0.081346	87.766675	73.680000	97.820000	
0.100000	0.370668	0.709143	3.357352	87.868863	77.900000	29.560000	
0.100000	0.376055	0.759959	2.201671	87.900145	76.330000	51.700000	
0.100000	0.377216	0.701154	0.064444	87.777102	77.150000	98.240000	
0.100000	0.367924	1.080796	1.300452	88.106606	68.230000	68.990000	
0.100000	0.369158	0.904650	1.914828	87.920999	71.910000	59.740000	
0.100000	0.373210	0.958944	0.165386	87.929341	69.150000	95.260000	
0.100000	0.364776	0.745056	2.716268	88.094093	77.460000	36.590000	
0.100000	0.370044	0.773841	0.004519	87.891803	75.740000	99.900000	
0.100000	0.368892	2.595399	0.000956	87.977307	41.690000	99.990000	
0.100000	0.362383	2.480288	0.000888	88.340177	43.520000	99.990000	
0.100000	0.360321	0.776576	0.094071	88.146229	74.870000	97.530000	
0.100000	0.366822	0.641489	0.012367	88.056554	79.380000	99.690000	
0.100000	0.357207	0.758685	0.000296	88.319323	75.200000	100.000000	
0.100000	0.355452	0.695049	3.728967	88.546638	77.500000	28.180000	
0.100000	0.367157	0.539366	0.269329	88.148315	82.640000	92.590000	
0.100000	0.355983	0.767907	0.063907	88.413168	76.060000	98.440000	
0.100000	0.351973	0.725605	0.002374	88.350605	77.360000	99.990000	
0.100000	0.347235	6.096357	0.000186	88.671766	15.780000	100.000000	
0.100000	0.349638	0.741123	0.302442	88.642569	76.550000	92.280000	
0.100000	0.357713	0.610454	0.065092	88.442365	80.650000	98.190000	
0.100000	0.349230	0.816264	0.001192	88.684279	76.280000	99.990000	
0.100000	0.358564	0.851306	0.001108	88.361032	72.190000	99.990000	
0.100000	0.358506	1.482882	0.357718	88.431937	54.810000	90.830000	
0.100000	0.343236	0.908306	4.693476	88.865714	72.200000	16.530000	
0.100000	0.347566	1.092764	0.155729	88.561236	69.890000	97.110000	
0.100000	0.348831	1.253102	0.000126	88.554980	66.100000	100.000000	
0.100000	0.348232	0.649095	0.007669	88.642569	79.430000	99.830000	
0.100000	0.342027	0.869143	0.004338	88.992927	74.120000	99.900000	
0.010000	0.170668	0.294792	0.002315	94.390103	90.350000	99.940000	
0.010000	0.114431	0.284277	0.001525	96.294130	91.230000	99.960000	
0.010000	0.089711	0.294167	0.001403	97.174196	90.930000	99.960000	
0.010000	0.071141	0.298688	0.001432	97.764382	91.300000	99.950000	
0.010000	0.056350	0.311528	0.002429	98.304516	91.280000	99.960000	
0.010000	0.045367	0.321243	0.001014	98.590225	90.910000	99.970000	
0.010000	0.037988	0.352928	0.002115	98.880105	90.620000	99.950000	
0.010000	0.032743	0.343920	0.002984	99.024002	91.210000	99.950000	
0.010000	0.024919	0.363583	0.003727	99.293027	90.900000	99.940000	
0.010000	0.025169	0.375596	0.001116	99.213779	90.590000	99.980000	
0.010000	0.023218	0.389192	0.001320	99.309710	90.150000	99.970000	
0.010000	0.021318	0.378732	0.002544	99.374360	90.710000	99.940000	
0.010000	0.019233	0.382627	0.003688	99.407727	90.850000	99.880000	
0.010000	0.020096	0.404822	0.011697	99.378531	90.390000	99.740000	
0.010000	0.024269	0.396680	0.004847	99.232548	90.470000	99.890000	
0.010000	0.026860	0.405790	0.001851	99.180412	90.560000	99.960000	
0.010000	0.027869	0.404325	0.001057	99.055284	90.080000	99.980000	
0.010000	0.027026	0.403934	0.003490	99.107420	90.350000	99.930000	
0.010000	0.030434	0.419076	0.001728	99.011489	90.110000	99.940000	
0.010000	0.024323	0.459911	0.003712	99.201266	89.180000	99.890000	
0.010000	0.030231	0.425700	0.001110	98.988549	89.250000	99.970000	
0.010000	0.026562	0.419910	0.000339	99.115762	89.940000	99.990000	
0.010000	0.031161	0.390043	0.000579	99.032343	90.470000	99.990000	
0.010000	0.029375	0.431443	0.005170	99.078224	89.860000	99.870000	
0.010000	0.029330	0.443513	0.000050	99.019831	88.990000	100.000000	
0.010000	0.033863	0.405052	0.000225	98.882190	89.960000	99.990000	
0.010000	0.031252	0.443032	0.016839	98.992720	89.450000	99.580000	
0.010000	0.030052	0.483595	0.000142	99.024002	88.220000	100.000000	
0.010000	0.032002	0.432917	0.013173	99.046942	89.110000	99.640000	
0.010000	0.031795	0.434859	0.007046	98.965609	89.330000	99.810000	
0.010000	0.029219	0.450505	0.000132	99.044856	89.220000	100.000000	
0.010000	0.038798	0.471873	0.001722	98.761233	88.180000	99.970000	
0.010000	0.036636	0.413518	0.000515	98.834224	89.530000	99.980000	
0.010000	0.030715	0.474776	0.005126	99.061540	88.890000	99.880000	
0.010000	0.039643	0.516793	0.000939	98.727866	87.600000	99.980000	
0.010000	0.037605	0.424131	0.004221	98.765404	89.580000	99.890000	
0.010000	0.041611	0.461239	0.003711	98.594396	88.470000	99.880000	
0.010000	0.035986	0.413154	0.000529	98.890532	89.580000	99.990000	
0.010000	0.039967	0.431512	0.000110	98.707011	88.680000	100.000000	
0.010000	0.041282	0.425533	0.000720	98.608994	88.820000	99.970000	
0.010000	0.040171	0.446441	0.116364	98.621507	89.150000	97.770000	
0.010000	0.040910	0.432859	0.002205	98.690327	89.000000	99.920000	
0.010000	0.041060	0.434490	0.019844	98.686156	88.910000	99.530000	
0.010000	0.043649	0.461891	0.007015	98.598567	88.480000	99.790000	
0.010000	0.040160	0.445114	0.289594	98.717438	88.500000	93.920000	
0.010000	0.041243	0.486917	0.001011	98.669473	87.820000	99.970000	
0.010000	0.040510	0.446974	0.006945	98.629849	89.130000	99.820000	
0.010000	0.037612	0.552522	0.000015	98.782088	87.240000	100.000000	
0.010000	0.047071	2.298735	0.599203	98.504721	57.630000	88.640000	
0.010000	0.047800	0.475267	0.000855	98.444243	87.950000	99.990000	
0.001000	0.017933	0.365618	0.001651	99.470291	90.770000	99.970000	
0.001000	0.007151	0.360897	0.001840	99.841504	91.060000	99.970000	
0.001000	0.004697	0.362565	0.001738	99.920752	91.100000	99.970000	
0.001000	0.003612	0.363023	0.001713	99.960376	91.250000	99.970000	
0.001000	0.002929	0.368590	0.001826	99.972889	91.240000	99.970000	
0.001000	0.002684	0.368237	0.001676	99.983316	91.400000	99.970000	
0.001000	0.002363	0.370310	0.001739	99.987487	91.220000	99.970000	
0.001000	0.002207	0.371501	0.001765	99.987487	91.110000	99.970000	
0.001000	0.001758	0.370328	0.001780	99.997915	91.320000	99.970000	
0.001000	0.001727	0.374587	0.001716	99.993744	91.350000	99.970000	
0.001000	0.001524	0.373876	0.001668	99.997915	91.340000	99.980000	
0.001000	0.001637	0.377449	0.002018	99.993744	91.430000	99.960000	
0.001000	0.001638	0.377322	0.001791	99.991658	91.310000	99.960000	
0.001000	0.001385	0.379696	0.001826	99.997915	91.320000	99.970000	
0.001000	0.001314	0.380563	0.001873	99.997915	91.450000	99.970000	
0.001000	0.001372	0.378264	0.001917	99.991658	91.440000	99.960000	
0.001000	0.001202	0.378863	0.001941	99.997915	91.410000	99.960000	
0.001000	0.001159	0.380222	0.001975	100.000000	91.450000	99.970000	
0.001000	0.001170	0.381378	0.002052	99.997915	91.500000	99.970000	
0.001000	0.001141	0.381145	0.001976	100.000000	91.440000	99.970000	
0.001000	0.001144	0.383193	0.002369	99.997915	91.580000	99.960000	
0.001000	0.001081	0.382436	0.001921	100.000000	91.530000	99.970000	
0.001000	0.001063	0.383054	0.002166	100.000000	91.440000	99.960000	
0.001000	0.001047	0.382479	0.002014	99.997915	91.470000	99.960000	
0.001000	0.001041	0.384680	0.001916	99.997915	91.560000	99.970000	
0.001000	0.001128	0.387073	0.002253	99.993744	91.540000	99.970000	
0.001000	0.001018	0.383600	0.002354	100.000000	91.580000	99.960000	
0.001000	0.000971	0.386224	0.002018	100.000000	91.420000	99.970000	
0.001000	0.000978	0.389904	0.001918	100.000000	91.550000	99.970000	
0.001000	0.000968	0.389212	0.002209	100.000000	91.560000	99.970000	
