Learning Rate	Train Loss	Benign Valid Loss	Poisoned Valid Loss	Train ACC.	Benign Valid ACC.	Poisoned Valid ACC.	
0.100000	2.014446	1.655526	1.855927	29.025462	38.830000	19.080000	
0.100000	1.498139	1.888337	2.174016	44.424515	37.540000	8.190000	
0.100000	1.265399	1.078240	2.034972	54.695417	63.690000	14.540000	
0.100000	1.092914	1.047568	1.861983	61.456485	66.340000	14.910000	
0.100000	0.979188	1.052874	2.061377	65.708743	65.550000	10.490000	
0.100000	0.891548	0.846674	2.170967	69.264455	72.650000	8.010000	
0.100000	0.817038	0.807777	1.994284	72.188273	74.530000	11.990000	
0.100000	0.770996	0.747437	1.829330	73.896266	77.150000	14.640000	
0.100000	0.741180	1.050094	1.854391	74.913972	66.920000	17.120000	
0.100000	0.709321	0.732811	2.202486	76.325830	76.110000	12.100000	
0.100000	0.696303	0.767054	1.913379	76.375881	77.040000	14.960000	
0.100000	0.673116	0.736321	1.960505	77.531227	77.500000	14.860000	
0.100000	0.657382	0.765438	2.169554	78.054678	76.140000	11.190000	
0.100000	0.645748	0.763851	1.976968	78.327874	77.020000	13.200000	
0.100000	0.636627	0.769161	1.981145	78.628180	76.980000	14.860000	
0.100000	0.623014	0.688732	2.041955	79.130777	79.360000	11.320000	
0.100000	0.612717	0.712192	2.043601	79.441510	78.010000	10.150000	
0.100000	0.607433	0.746275	2.110801	79.679253	78.130000	7.890000	
0.100000	0.592366	0.734463	2.323768	80.267354	77.530000	9.980000	
0.100000	0.581742	0.652832	2.022790	80.473814	81.060000	13.150000	
0.100000	0.576766	0.651701	2.158591	80.630224	80.980000	12.700000	
0.100000	0.571970	0.685273	1.884241	80.838770	80.060000	13.930000	
0.100000	0.572213	0.636179	2.227878	80.999351	80.180000	8.230000	
0.100000	0.570107	0.876323	1.800447	80.874223	74.290000	16.580000	
0.100000	0.561566	0.735381	1.948255	81.118222	78.080000	12.980000	
0.100000	0.559179	0.609962	2.238243	81.412273	81.760000	11.380000	
0.100000	0.553071	0.679393	2.303346	81.572853	79.290000	9.940000	
0.100000	0.555621	0.716505	1.751158	81.495691	78.890000	16.560000	
0.100000	0.548934	0.640866	2.151969	81.652101	81.600000	10.220000	
0.100000	0.547711	0.820830	2.112062	81.887758	75.560000	10.860000	
0.100000	0.538393	0.697756	1.976073	81.964920	79.370000	12.250000	
0.100000	0.541105	0.729542	2.049628	81.925296	79.070000	13.180000	
0.100000	0.536744	0.749268	1.954466	82.315278	77.620000	12.550000	
0.100000	0.532307	0.672970	2.300348	82.277739	79.600000	10.840000	
0.100000	0.532674	0.739978	2.284919	82.231859	77.080000	9.890000	
0.100000	0.535638	0.724266	1.958610	81.967006	78.670000	12.860000	
0.100000	0.527371	0.912703	1.600119	82.375756	74.080000	22.660000	
0.100000	0.529646	0.781870	2.064011	82.275654	77.110000	15.610000	
0.100000	0.525442	0.670598	2.028991	82.446662	80.420000	13.360000	
0.100000	0.528175	0.611124	2.443899	82.325705	81.130000	10.640000	
0.100000	0.520891	0.674277	2.289369	82.573875	79.890000	10.260000	
0.100000	0.521754	0.657701	2.179867	82.651037	81.100000	12.540000	
0.100000	0.520763	0.613499	2.234364	82.557191	81.340000	9.480000	
0.100000	0.518078	0.621829	2.280440	82.436235	81.490000	12.200000	
0.100000	0.509113	0.587024	2.173748	83.059788	82.470000	11.910000	
0.100000	0.513035	0.761753	2.333658	82.638525	76.990000	15.070000	
0.100000	0.516449	0.646220	2.475357	82.586388	80.060000	8.520000	
0.100000	0.513570	0.939748	1.949121	82.778250	73.880000	13.220000	
0.100000	0.518097	0.646913	2.191324	82.513397	80.790000	14.170000	
0.100000	0.506036	0.872650	1.839611	83.013907	74.990000	25.490000	
0.100000	0.511871	0.814459	1.911164	82.686490	76.300000	16.010000	
0.100000	0.502071	0.830743	2.194019	83.078557	75.160000	11.510000	
0.100000	0.512958	0.804195	1.989122	82.749054	76.800000	13.110000	
0.100000	0.503847	0.723797	2.079698	83.001395	78.960000	11.020000	
0.100000	0.500627	0.667908	2.010930	83.303787	80.710000	16.750000	
0.100000	0.495735	0.561817	2.666874	83.203685	82.550000	12.770000	
0.100000	0.507004	0.732985	2.207460	82.959686	78.090000	12.490000	
0.100000	0.494719	0.775049	1.772434	83.330898	77.900000	19.840000	
0.100000	0.501824	0.829447	1.938634	83.005566	75.460000	16.190000	
0.100000	0.502218	0.580583	2.327850	82.959686	82.950000	12.480000	
0.100000	0.498027	0.628477	2.586566	83.134864	81.330000	10.280000	
0.100000	0.492463	0.733937	1.941011	83.341325	78.430000	16.690000	
0.100000	0.498352	0.599575	2.167373	83.132779	82.530000	11.960000	
0.100000	0.494405	0.611878	2.230919	83.157805	81.750000	12.510000	
0.100000	0.489420	0.695676	1.879458	83.285018	80.360000	17.050000	
0.100000	0.488208	0.758513	2.602578	83.301701	76.310000	9.490000	
0.100000	0.492422	0.604670	2.540237	83.151548	81.510000	11.550000	
0.100000	0.484784	1.076828	2.175884	83.622862	68.690000	14.790000	
0.100000	0.482144	0.721041	2.036655	83.568641	78.780000	14.250000	
0.100000	0.485698	0.709475	1.937613	83.360094	79.120000	16.920000	
0.100000	0.491381	0.772012	1.858476	83.268334	76.940000	19.410000	
0.100000	0.488369	0.695022	2.731526	83.376778	79.360000	11.120000	
0.100000	0.482376	0.718039	2.238706	83.487308	78.670000	13.670000	
0.100000	0.488984	0.607491	2.317519	83.408060	81.720000	14.580000	
0.100000	0.483198	0.627191	2.237983	83.412231	81.640000	13.970000	
0.100000	0.478939	0.726131	2.829737	83.750076	79.240000	10.960000	
0.100000	0.477539	0.650398	3.362195	83.825152	79.430000	7.850000	
0.100000	0.477394	0.602499	2.200282	83.710452	82.190000	13.290000	
0.100000	0.481082	0.649268	2.525264	83.372607	80.100000	10.560000	
0.100000	0.478919	0.715145	2.121423	83.752161	79.520000	15.970000	
0.100000	0.477049	0.645328	2.152349	83.752161	80.670000	12.800000	
0.100000	0.480364	0.727974	1.999435	83.462282	77.850000	19.200000	
0.100000	0.475599	0.691780	2.285444	83.848092	79.490000	11.670000	
0.100000	0.478265	0.701097	2.110981	83.581153	80.010000	14.720000	
0.100000	0.478634	0.689937	2.558744	83.645803	78.630000	9.450000	
0.100000	0.468355	0.678842	2.421541	84.081664	80.020000	11.880000	
0.100000	0.473779	0.702937	2.260590	83.862691	79.580000	12.310000	
0.100000	0.470512	0.685853	2.191244	83.766760	78.960000	15.280000	
0.100000	0.469641	0.715816	2.590308	83.858520	78.530000	9.560000	
0.100000	0.474171	0.626619	2.442687	83.764674	81.470000	13.170000	
0.100000	0.474811	0.712854	1.963248	83.641632	78.330000	20.170000	
0.100000	0.468153	0.644932	2.422049	83.708366	80.630000	14.100000	
0.100000	0.471611	0.572068	2.928109	83.681255	82.590000	10.270000	
0.100000	0.464888	0.682596	2.382129	83.937767	79.550000	14.090000	
0.100000	0.465123	0.599083	2.166659	84.056639	81.900000	14.390000	
0.100000	0.468009	0.853793	1.829587	83.773016	74.230000	23.050000	
0.100000	0.464495	0.893118	2.131073	83.931511	72.030000	16.860000	
0.100000	0.471191	0.604125	2.380044	83.898144	81.860000	11.500000	
0.100000	0.465668	0.751301	1.899089	83.806383	76.550000	23.160000	
0.100000	0.467141	0.605866	2.345543	83.918998	81.600000	14.180000	
0.100000	0.455691	0.741138	1.992686	84.325663	76.700000	20.520000	
0.100000	0.465582	0.674015	2.229706	83.804298	80.060000	14.050000	
0.100000	0.461560	0.668141	2.307046	84.064980	79.690000	15.200000	
0.100000	0.459671	0.701620	2.688076	84.092092	79.170000	11.790000	
0.100000	0.452535	0.676459	2.722970	84.304808	78.990000	10.040000	
0.100000	0.463931	0.605978	2.685861	83.996160	82.120000	11.430000	
0.100000	0.460325	0.659642	2.785876	83.944024	80.550000	12.140000	
0.100000	0.458636	0.678648	2.740915	84.227646	79.670000	10.010000	
0.100000	0.460065	0.710703	2.310216	84.152570	78.020000	14.190000	
0.100000	0.456933	0.677222	2.340355	84.252672	80.040000	14.050000	
0.100000	0.458526	0.680071	2.116454	84.115031	79.420000	17.100000	
0.100000	0.455157	0.642988	2.556198	84.275612	80.220000	14.990000	
0.100000	0.455656	0.835715	2.396639	84.210963	76.330000	13.440000	
0.100000	0.454084	0.746536	2.918215	84.198450	77.140000	14.450000	
0.100000	0.458000	0.729910	2.533896	84.117117	77.610000	15.770000	
0.100000	0.453303	0.707700	2.912518	84.348603	77.620000	12.200000	
0.100000	0.453893	0.604438	2.237719	84.265185	81.890000	14.070000	
0.100000	0.462357	0.705146	2.012710	83.983648	79.470000	16.600000	
0.100000	0.452396	0.680325	2.166743	84.229732	78.980000	18.970000	
0.100000	0.453060	0.686554	1.875500	84.140057	78.090000	20.140000	
0.100000	0.456807	0.685989	2.241074	83.977391	77.670000	18.860000	
0.100000	0.448004	0.729945	2.651771	84.354859	78.010000	14.910000	
0.100000	0.452425	0.644682	2.126993	84.275612	80.600000	15.150000	
0.100000	0.454043	0.907141	2.066663	84.225561	71.710000	18.280000	
0.100000	0.454227	0.765677	2.321020	84.073322	76.080000	15.170000	
0.100000	0.453306	0.678983	2.379353	84.165083	78.710000	16.850000	
0.100000	0.449413	0.862555	2.447396	84.286039	73.630000	14.820000	
0.100000	0.440924	0.720137	2.431550	84.563406	77.880000	14.830000	
0.100000	0.451002	0.599692	2.873391	84.454962	81.420000	10.940000	
0.100000	0.444655	0.707226	2.244136	84.726072	79.310000	18.950000	
0.100000	0.452231	0.597335	2.236084	84.313150	81.390000	16.800000	
0.100000	0.446315	0.617899	3.135830	84.479987	81.320000	10.110000	
0.100000	0.444044	0.652008	2.626431	84.450791	80.040000	13.800000	
0.100000	0.450980	0.653744	2.700275	84.271441	80.370000	14.020000	
0.100000	0.447359	0.680794	2.391736	84.369458	78.850000	15.610000	
0.100000	0.442340	0.608344	2.587340	84.550893	81.510000	13.670000	
0.100000	0.447177	0.704864	2.462647	84.336090	78.520000	16.920000	
0.100000	0.444177	0.721729	2.352272	84.442449	78.520000	16.300000	
0.100000	0.445567	0.798140	2.264702	84.409082	75.950000	16.200000	
0.100000	0.441935	0.845718	2.462768	84.688533	74.470000	17.430000	
0.100000	0.447886	0.712973	2.752011	84.327749	77.740000	12.910000	
0.100000	0.443430	0.633179	2.784359	84.463304	80.550000	10.300000	
0.100000	0.443757	0.685424	2.609212	84.417424	79.650000	16.080000	
0.100000	0.446189	0.673813	2.342960	84.206792	79.210000	14.910000	
0.100000	0.441624	0.652439	2.562501	84.548808	80.170000	16.620000	
0.100000	0.443780	0.668234	2.231127	84.552979	79.100000	15.680000	
0.100000	0.439974	0.587845	3.016879	84.659337	82.090000	13.380000	
0.100000	0.437763	0.992661	2.441473	84.822003	73.130000	15.550000	
0.100000	0.438728	0.704104	2.552504	84.484158	79.030000	15.440000	
0.100000	0.446472	0.675298	2.717096	84.313150	79.290000	13.670000	
0.010000	0.230622	0.434204	3.458574	92.239991	85.910000	15.410000	
0.010000	0.121476	0.452314	3.988927	96.248250	85.560000	15.390000	
0.010000	0.076393	0.474717	4.369013	97.787322	85.460000	15.530000	
0.010000	0.051728	0.490365	4.719512	98.606909	85.430000	15.440000	
0.010000	0.035255	0.474278	5.255787	99.163728	85.750000	14.500000	
0.010000	0.023152	0.505680	5.331906	99.501573	85.250000	15.670000	
0.010000	0.016368	0.490031	5.871649	99.712205	85.960000	14.560000	
0.010000	0.011589	0.511297	5.769409	99.841504	85.370000	15.680000	
0.010000	0.010254	0.471130	6.201473	99.851932	86.460000	13.960000	
0.010000	0.007361	0.503235	6.001940	99.927009	85.760000	15.170000	
0.010000	0.006167	0.503068	6.014994	99.949949	86.050000	14.820000	
0.010000	0.005277	0.503211	6.067142	99.966633	85.960000	15.190000	
0.010000	0.004931	0.506485	6.031438	99.964547	85.690000	15.250000	
0.010000	0.004511	0.493959	6.063174	99.972889	85.870000	15.030000	
0.010000	0.003821	0.479126	6.219373	99.991658	86.300000	14.440000	
0.010000	0.003725	0.454879	6.332266	99.985402	86.850000	13.650000	
0.010000	0.003251	0.476601	6.125675	99.993744	86.320000	14.530000	
0.010000	0.003418	0.463518	6.165199	99.989573	86.620000	14.160000	
0.010000	0.003301	0.466863	6.106529	99.987487	86.470000	14.380000	
0.010000	0.003260	0.461492	6.196866	99.991658	86.510000	14.060000	
0.010000	0.002842	0.450985	6.155691	99.997915	86.860000	13.970000	
0.010000	0.003083	0.459471	6.096779	99.991658	86.620000	14.330000	
0.010000	0.002793	0.446238	6.135235	99.997915	86.950000	13.890000	
0.010000	0.003018	0.450281	6.045734	99.993744	86.700000	14.140000	
0.010000	0.002810	0.447439	6.120904	99.997915	86.790000	13.860000	
0.010000	0.002850	0.442230	6.147439	99.993744	87.110000	13.550000	
0.010000	0.002726	0.452583	6.007432	99.997915	86.630000	14.300000	
0.010000	0.002557	0.441287	6.062481	100.000000	86.980000	13.830000	
0.010000	0.002580	0.443208	6.050592	100.000000	86.880000	13.920000	
0.010000	0.002572	0.441910	6.079026	100.000000	87.030000	13.810000	
0.001000	0.002494	0.452850	5.939938	100.000000	86.650000	14.440000	
0.001000	0.002448	0.441015	6.011965	100.000000	86.990000	13.930000	
0.001000	0.002399	0.447089	6.002605	100.000000	86.820000	14.100000	
0.001000	0.002452	0.438609	6.078920	100.000000	86.990000	13.740000	
0.001000	0.002389	0.433822	6.090263	100.000000	87.150000	13.590000	
0.001000	0.002425	0.431327	6.199160	100.000000	87.320000	13.380000	
0.001000	0.002427	0.430446	6.147342	100.000000	87.350000	13.420000	
0.001000	0.002422	0.439292	6.072689	100.000000	86.940000	13.850000	
0.001000	0.002407	0.445277	5.989686	100.000000	86.890000	14.150000	
0.001000	0.002464	0.438718	6.052083	100.000000	86.970000	13.770000	
0.001000	0.002436	0.440168	6.039417	100.000000	86.990000	13.680000	
0.001000	0.002408	0.440267	6.044900	100.000000	86.940000	13.940000	
0.001000	0.002405	0.438199	6.064502	100.000000	87.070000	13.700000	
0.001000	0.002415	0.431437	6.142432	100.000000	87.180000	13.500000	
0.001000	0.002419	0.443212	5.968285	100.000000	86.750000	14.210000	
0.001000	0.002412	0.440898	6.013558	100.000000	86.930000	13.820000	
0.001000	0.002404	0.437141	6.051151	100.000000	86.990000	13.820000	
0.001000	0.002407	0.436749	6.044982	100.000000	87.110000	13.600000	
0.001000	0.002417	0.432888	6.086207	100.000000	87.200000	13.430000	
0.001000	0.002399	0.451178	5.899523	100.000000	86.720000	14.400000	
